Minutes, Seconds, Cell Alive, Maximum Cell Count, Cells Died, Cells Died by Swelling, Cells Died by Lack of ATP, Cells Died by Lack of ATP that were Splitting, Cells Died in the last 30 Seconds, Cells Died in the last 30 Seconds (Swelling), Cells Died in the last 30 Seconds (ATP), Cells Died in the last 30 Seconds (ATP & Splitting), Cells Created, Cells Created in the last 30 Seconds, Average Cell Lifetime(in seconds), Cell Lifetime Standard Deviation, Average Cell Size, Cell Size Standard Deviation, Average Cell Length, Cell Length Standard Deviation, Flagellum Absolute, Flagellum Percent, Membrane Absolute, Membrane Percent, Energy Manager Absolute, Energy Manager percent, Splitting Manager Absolute, Splitting Manager Percent, Total Food, Total Poison
0,0,50,50,0,0,0,0,0,0,0,0,0,0,0.000000,0.000000,5.036307,1.191821,4.760106,1.377007,0,0.000000,0,0.000000,14,0.280000,19,0.380000,157409.218750,0.751555
0,29,45,50,7,0,7,4,7,0,7,4,2,2,28.785625,5.330102,4.889095,1.260085,4.696218,1.434566,0,0.000000,0,0.000000,9,0.200000,18,0.400000,298869.343750,0.026583
0,59,54,54,13,0,13,7,6,0,6,3,17,15,47.149731,21.415318,4.718439,1.221351,4.655241,1.479124,0,0.000000,0,0.000000,6,0.111111,24,0.444444,262318.250000,0.009784
1,29,74,74,22,0,22,11,9,0,9,4,46,29,54.766666,36.053345,4.903407,1.208453,4.547872,1.428837,0,0.000000,0,0.000000,6,0.081081,30,0.405405,222993.796875,0.033606
1,59,73,74,39,1,38,13,17,1,16,2,62,16,72.094536,44.344467,4.758208,1.094862,4.289931,1.418122,0,0.000000,0,0.000000,8,0.109589,26,0.356164,187122.781250,0.095729
2,29,65,74,63,1,62,21,24,0,24,8,78,16,88.182251,52.149021,4.674902,1.048787,4.240181,1.399016,0,0.000000,0,0.000000,2,0.030769,25,0.384615,176860.281250,0.113306
2,59,45,74,105,1,104,40,42,0,42,19,100,22,89.250381,65.626167,4.457872,1.006222,3.738179,1.527249,0,0.000000,0,0.000000,0,0.000000,20,0.444444,183805.031250,0.153419
3,29,16,74,142,1,141,53,37,0,37,13,108,8,97.052750,75.818802,4.554671,0.915893,2.734375,1.420080,0,0.000000,0,0.000000,0,0.000000,5,0.312500,215785.968750,0.121821
3,59,6,74,161,1,160,63,19,0,19,10,117,9,100.588837,75.818787,4.584840,0.745752,1.759752,0.842490,0,0.000000,0,0.000000,0,0.000000,0,0.000000,220713.671875,0.132132
